报告日,营业总收入,营业收入,利息收入,已赚保费,手续费及佣金收入,房地产销售收入,其他业务收入,营业总成本,营业成本,手续费及佣金支出,房地产销售成本,退保金,赔付支出净额,提取保险合同准备金净额,保单红利支出,分保费用,其他业务成本,营业税金及附加,研发费用,销售费用,管理费用,财务费用,利息费用,利息支出,投资收益,对联营企业和合营企业的投资收益,以摊余成本计量的金融资产终止确认产生的收益,汇兑收益,净敞口套期收益,公允价值变动收益,期货损益,托管收益,补贴收入,其他收益,资产减值损失,信用减值损失,其他业务利润,资产处置收益,营业利润,营业外收入,非流动资产处置利得,营业外支出,非流动资产处置损失,利润总额,所得税费用,未确认投资损失,净利润,持续经营净利润,终止经营净利润,归属于母公司所有者的净利润,被合并方在合并前实现净利润,少数股东损益,其他综合收益,归属于母公司所有者的其他综合收益,（一）以后不能重分类进损益的其他综合收益,重新计量设定受益计划变动额,权益法下不能转损益的其他综合收益,其他权益工具投资公允价值变动,企业自身信用风险公允价值变动,（二）以后将重分类进损益的其他综合收益,权益法下可转损益的其他综合收益,可供出售金融资产公允价值变动损益,其他债权投资公允价值变动,金融资产重分类计入其他综合收益的金额,其他债权投资信用减值准备,持有至到期投资重分类为可供出售金融资产损益,现金流量套期储备,现金流量套期损益的有效部分,外币财务报表折算差额,其他,归属于少数股东的其他综合收益,综合收益总额,归属于母公司所有者的综合收益总额,归属于少数股东的综合收益总额,基本每股收益,稀释每股收益,数据源,是否审计,公告日期,币种,类型,更新日期
20260331,9196158318.22,9196158318.22,,,,,,7536985713.87,6463182098.8,,,,,,,,,104614311.75,358941453.6,50827650.41,292945531.38,266474667.93,308975333.01,,317048440.54,189047801.05,,,,217045333.91,,,,75242414.35,-17714198.86,-9995881.26,,-81404.49,2240717308.54,5265209.15,,2449681.54,,2243532836.15,321448595.71,,1922084240.44,1922084240.44,,1837274971.24,,84809269.2,-460088273.46,-408490541.63,,,,,,-408490541.63,-8157359.44,,,,,,11690420.1,,-397814380.94,-14209221.35,-51597731.83,1461995966.98,1428784429.61,33211537.37,0.88,0.88,定期报告,未审计,20260430,CNY,合并期末,2026-04-29T17:20:05
20251231,23081732746.32,23081732746.32,,,,,,23591987248.24,19452888162.31,,,,,,,,,205922124.61,1042098112.04,171557772.16,1185448472.45,1534072604.67,1474382912.96,,1804984673.2,-79354740.56,,,,112815376.4,,,,358789465.3,-469557992.82,-118182540.78,,8441098.81,1187035578.19,37441396.22,,36714551.52,,1187762422.89,-74785074.79,,1262547497.68,1262547497.68,,1612980993.34,,-350433495.66,-709537878.35,-661354209.29,,,,,,-661354209.29,-1484792.34,,,,,,58532545.62,,-717266112.79,-1135849.78,-48183669.06,553009619.33,951626784.05,-398617164.72,0.8,0.79,定期报告,是,20260331,CNY,合并期末,2026-03-30T20:48:06
20250930,14624798503.34,14624798503.34,,,,,,15627903268.82,12655823592.24,,,,,,,,,186292388.74,729018200.96,156111321.46,873103597.77,1027554167.65,1050489927.94,,389856530.64,-337304986.81,,,,142220486.51,,,,263018921.0,-213575911.45,-36211469.6,,233122.99,-457563085.39,31910344.24,,15897632.17,,-441550373.32,-25511196.3,,-416039177.02,-416039177.02,,25520017.32,,-441559194.34,-426269916.12,-404593128.99,,,,,,-404593128.99,1075879.07,,,,,,-3394191.13,,-403019702.5,744885.57,-21676787.13,-842309093.14,-379073111.67,-463235981.47,0.01,0.01,定期报告,未审计,20251029,CNY,合并期末,2025-10-28T20:12:07
20250630,8376096469.08,8376096469.08,,,,,,9351229011.81,7443210480.43,,,,,,,,,93349195.17,433662992.99,85440975.95,572026162.29,723539204.98,703881495.83,,314417223.58,-245064999.0,,,,-277690479.64,,,,193634360.42,-194644485.13,-1290787.66,,-25303.59,-940732014.75,9774796.23,,7667623.93,,-938624842.45,-157215413.32,,-781409429.13,-781409429.13,,-531239266.4,,-250170162.73,-156948007.78,-136593313.89,,,,,,-136593313.89,4822595.52,,,,,,-18838254.09,,-123554251.09,976595.77,-20354693.89,-938357436.91,-667832580.29,-270524856.62,-0.27,-0.27,定期报告,未审计,20250823,CNY,合并期末,2025-08-22T19:02:05
20250331,3771800382.54,3771800382.54,,,,,,4113114460.57,3283201058.12,,,,,,,,,25572629.34,190349700.04,34406450.32,314903684.52,264680938.23,304935637.56,,-6595895.2,-19005994.22,,,,-224534372.1,,,,106501158.94,-66172722.22,2249462.13,,-7291.05,-529873737.53,1344580.45,,2104651.86,,-530633808.94,-33546469.23,,-497087339.71,-497087339.71,,-355829529.74,,-141257809.97,-51399133.05,-46636091.96,,,,,,-46636091.96,5055255.49,,,,,,-16482446.51,,-30980428.61,-4228472.33,-4763041.09,-548486472.76,-402465621.7,-146020851.06,-0.18,-0.18,定期报告,未审计,20260430,CNY,合并期末,2025-04-29T20:50:15
20241231,18906402940.11,18906402940.11,,,,,,19778564147.27,16861275587.73,,,,,,,,,114843850.31,910700494.31,146849871.32,871384328.67,873510014.93,1090748052.4,,101423778.97,99351451.67,,,,-1482413682.74,,,,438595758.24,-422882402.05,-56203569.38,,-2198079.73,-2295839403.85,11030272.17,,16391769.13,,-2301200900.81,329061078.45,,-2630261979.26,-2630261979.26,,-2074013392.07,,-556248587.19,448929688.26,419834552.0,,,,,,419834552.0,-3525275.29,,,,,,-15453961.42,,436697680.47,2116108.24,29095136.26,-2181332291.0,-1654178840.07,-527153450.93,-1.03,-1.03,定期报告,是,20260331,CNY,合并期末,2025-03-29T01:02:08
20240930,13925192758.32,13925192758.32,,,,,,14698265770.07,12484746872.1,,,,,,,,,67861522.95,684977174.12,102612931.2,831264068.67,526803201.03,768528504.06,,430653529.1,392845440.73,,,,-570473068.0,,,,282166222.5,-272428523.75,-34001873.54,,-34636.21,-937191361.65,7901143.56,,9972562.04,,-939262780.13,92827424.1,,-1032090204.23,-1032090204.23,,-640389644.06,,-391700560.17,-349106540.66,-347365032.58,,,,,,-347365032.58,-4517352.43,,,,,,,,-345638858.3,2791178.15,-1741508.08,-1381196744.89,-987754676.64,-393442068.25,-0.32,-0.32,定期报告,未审计,20251029,CNY,合并期末,2024-10-30T21:02:03
20240630,9588814082.87,9588814082.87,,,,,,10282196764.98,8553148151.66,,,,,,,,,41918060.1,459114763.62,68394837.22,570532123.1,589088829.28,506782935.98,,381548770.06,351636137.68,,,,-873885551.99,,,,267367433.51,-82627076.75,-5337359.14,,5199.07,-1006311267.35,5074075.01,,4285141.89,,-1005522334.23,60515474.59,,-1066037808.82,-1066037808.82,,-760376878.19,,-305660930.63,197915351.15,177481897.17,,,,,,177481897.17,-637190.91,,,,,,,,175861489.58,2257598.5,20433453.98,-868122457.67,-582894981.02,-285227476.65,-0.38,-0.38,定期报告,未审计,20250823,CNY,合并期末,2024-08-28T21:22:05
20240331,5057894510.44,5057894510.44,,,,,,5536858674.01,4755796609.6,,,,,,,,,18407343.77,216843411.11,31550829.8,304854881.75,209405597.98,235726987.02,,258859245.26,253843281.69,,,,-268863798.84,,,,86869660.45,-105199695.74,7575282.41,,-24669.2,-499748139.23,922904.4,,958023.34,,-499783258.17,95867701.27,,-595650959.44,-595650959.44,,-438901866.58,,-156749092.86,48918207.88,44732987.02,,,,,,44732987.02,2799249.1,,,,,,,,41889472.21,44265.71,4185220.86,-546732751.56,-394168879.56,-152563872.0,-0.22,-0.22,定期报告,未审计,20250430,CNY,合并期末,2024-04-29T23:47:03
20231231,32971680169.96,32971680169.96,,,,,,31471665433.56,28462706780.29,,,,,,,,,82469953.59,1250989904.29,111599424.35,982416380.36,581482990.68,784311596.81,,3314773999.67,2929130179.05,,,,576005024.47,,,,1536247108.19,-1639463543.21,-70323721.86,,1030220.86,5218283824.52,57947380.31,,17514406.5,,5258716798.33,683469412.29,,4575247386.04,4575247386.04,,4946809503.79,,-371562117.75,536767460.79,493886031.7,,,,,,493886031.7,5618458.67,,,,,,,,485441734.52,2825838.51,42881429.09,5112014846.83,5440695535.49,-328680688.66,2.46,2.46,定期报告,是,20250329,CNY,合并期末,2024-03-28T23:52:03
20230930,25681961591.04,25681961591.04,,,,,,23340760713.5,21234442163.66,,,,,,,,,53950938.41,941623603.1,76153577.76,654976739.07,379613691.5,566891295.71,,3317053850.86,2934894917.39,,,,650518714.94,,,,990934614.89,-952154562.51,-58064526.73,,1385643.43,6290874612.42,56205312.76,,11608026.14,,6335471899.04,455974670.65,,5879497228.39,5879497228.39,,6009847045.29,,-130349816.9,939965179.09,861238454.67,,,,,,861238454.67,4158066.59,,,,,,,,867494435.48,-10414047.4,78726724.42,6819462407.48,6871085499.96,-51623092.48,2.98,2.98,定期报告,未审计,20241031,CNY,合并期末,2023-10-30T19:27:06
20230630,18145236236.49,18145236236.49,,,,,,15388257585.38,14063106645.87,,,,,,,,,32144387.72,645452318.34,49488999.58,375205577.82,222859656.05,342582531.59,,2509127000.09,2239295986.73,,,,1200529820.02,,,,554307534.11,-824603949.38,-17973339.51,,278856.95,6178644573.39,55220439.28,,9475358.23,,6224389654.44,377635488.55,,5846754165.89,5846754165.89,,5850186574.51,,-3432408.62,1130118533.61,1032708936.2,,,,,,1032708936.2,-1817763.85,,,,,,,,1038947621.17,-4420921.12,97409597.41,6976872699.5,6882895510.71,93977188.79,2.9,2.9,定期报告,未审计,20240829,CNY,合并期末,2023-08-29T20:42:03
20230331,9438229716.32,9438229716.32,,,,,,6641238432.22,5915014397.62,,,,,,,,,14505138.28,391927028.05,29916496.7,150718653.56,139156718.01,169062945.5,,568164430.45,478536236.6,,,,153825636.33,,,,37525292.34,-1179692061.81,-22838805.67,,-13585.22,2353962190.52,881576.02,,1092761.04,,2353751005.5,189778088.44,,2163972917.06,2163972917.06,,2396600665.19,,-232627748.13,-327121160.0,-292815781.78,,,,,,-292815781.78,,,,,,,,,-284883900.69,-7931881.09,-34305378.22,1836851757.06,2103784883.41,-266933126.35,1.19,1.19,定期报告,未审计,20240430,CNY,合并期末,2023-04-27T21:07:32
20221231,41822508877.5,41822508877.5,,,,,,23468493656.75,21120457861.7,,,,,,,,,373276420.61,1007486556.66,117360371.0,933286282.02,-83373835.24,407328584.58,,3996738283.8,3914218317.85,,,,404304690.4,,,,119942488.85,-64543834.96,-52421933.58,,4550561.16,22762585476.42,37201694.68,,21053307.31,,22778733863.79,2318116566.53,,20460617297.26,20460617297.26,,20503567858.85,,-42950561.59,1438992919.49,1203285969.11,,,,,,1203285969.11,12338309.72,,,,,,,,1190807452.41,140206.98,235706950.38,21899610216.75,21706853827.96,192756388.79,10.18,10.17,定期报告,是,20240329,CNY,合并期末,2024-03-28T23:52:03
20220930,27611656306.11,27611656306.11,,,,,,13814543015.53,12172267460.99,,,,,,,,,210031764.42,952428021.3,69894325.8,510479043.08,-100557600.06,276429937.36,,2852574375.2,2499704038.84,,,,521435545.17,,,,72777417.31,-23431752.04,-15859948.26,,3993248.1,17208602176.06,35617548.08,,10589377.46,,17233630346.68,2246466864.87,,14987163481.81,14987163481.81,,14794841018.06,,192322463.75,1928775313.82,1638299564.14,,,,,,1638299564.14,6180864.93,,,,,,,,1634114423.33,-1995724.12,290475749.68,16915938795.63,16433140582.2,482798213.43,7.35,7.33,定期报告,未审计,20231031,CNY,合并期末,2023-10-30T19:27:06
20220630,14443608956.77,14443608956.77,,,,,,6806774206.17,5700855557.88,,,,,,,,,99189519.55,532827391.86,40600955.13,354472860.71,78827921.04,194709722.46,,1582091306.84,1527638897.97,,,,-866588969.06,,,,46682349.58,-5362085.37,-1274010.93,,-181068.76,8392202272.9,33783783.04,,9926115.49,,8416059940.45,1065802459.27,,7350257481.18,7350257481.18,,7253519234.68,,96738246.5,841289418.53,697996455.43,,,,,,697996455.43,-293299.15,,,,,,,,700285478.7,-1995724.12,143292963.1,8191546899.71,7951515690.11,240031209.6,3.6,3.6,定期报告,未审计,20230830,CNY,合并期末,2022-08-30T19:42:04
20220331,5365267017.62,5365267017.62,,,,,,2305690416.0,1789232806.7,,,,,,,,,34241329.77,211864208.36,11574526.65,219160314.9,39617229.62,68131351.2,,443368450.47,444353398.5,,,,474214159.33,,,,24518574.89,1263612.03,-1361930.76,,,4001579467.58,31960797.78,,92215.81,,4033448049.55,473421418.92,,3560026630.63,3560026630.63,,3525082984.72,,34943645.91,-170490398.96,-170490398.96,,,,,,-170490398.96,,,,,,,,,-170490398.96,,,3389536231.67,3354592585.76,34943645.91,1.75,1.75,定期报告,未审计,20230428,CNY,合并期末,2023-04-27T21:07:32
20211231,11162214421.21,11162214421.21,,,,,,7858889870.9,6718565218.97,,,,,,,,,88104001.7,338523524.32,61623016.87,470086241.7,181987867.34,264856703.71,,92874975.14,61713733.22,,,,2228686140.83,,,,64641827.14,-8002392.79,37102881.55,,241197.68,5718869179.86,66777882.31,,12104115.51,,5773542946.66,356996678.46,,5416546268.2,5416546268.2,,5228404716.53,,188141551.67,-303070994.34,-247689667.02,,,,,,-247689667.02,-2277163.71,,,,,,,,-236075021.32,-9337481.99,-55381327.32,5113475273.86,4980715049.51,132760224.35,2.67,2.66,定期报告,是,20230330,CNY,合并期末,2022-03-30T20:57:04
20210930,7053758123.88,7053758123.88,,,,,,5262072766.37,4546330735.4,,,,,,,,,44482465.17,201017622.29,37862563.03,283788469.95,148590910.53,196483061.87,,18852804.75,-13868088.47,,,,993762361.7,,,,31196168.14,-4473585.38,-7729710.34,,-238152.84,2823055243.54,653455.73,,7766535.62,,2815942163.65,274356030.97,,2541586132.68,2541586132.68,,2472792255.27,,68793877.41,107282456.16,-46571695.34,,,,,,-46571695.34,801799.71,,,,,,,,-47373495.05,,153854151.5,2648868588.84,2426220559.93,222648028.91,1.77,1.77,定期报告,未审计,20221031,CNY,合并期末,2021-10-26T18:17:04
20210630,4064281030.32,4064281030.32,,,,,,2974812186.28,2636704022.93,,,,,,,,,27139433.33,91930863.6,23919588.23,107613517.7,87504760.49,142921324.73,,-1405632.9,-26523371.32,,,,543902518.67,,,,18554640.09,-8509662.56,-2255544.26,,9458.92,1639764622.0,185142.25,,304614.61,,1639645149.64,176945316.21,,1462699833.43,1462699833.43,,1416651740.28,,46048093.15,-56726766.22,-39146530.23,,,,,,-39146530.23,-907305.79,,,,,,,,-38239224.44,,-17580235.99,1405973067.21,1377505210.05,28467857.16,0.74,0.74,定期报告,未审计,20220831,CNY,合并期末,2021-08-31T10:27:11
20210331,1606822673.47,1606822673.47,,,,,,1252830163.14,1106905559.79,,,,,,,,,12547060.3,36662880.63,12613182.99,32362547.44,51738931.99,49355364.73,,3351565.98,-5587272.92,,,,165131227.74,,,,10248811.07,1001934.69,-1082003.91,,,532644045.9,147956.32,,180367.9,,532611634.32,38949407.24,,493662227.08,493662227.08,,476096554.72,,17565672.36,86561511.18,66111377.44,,,,,,66111377.44,,,,,,,,,66111377.44,,20450133.74,580223738.26,542207932.16,38015806.1,0.36,0.36,定期报告,未审计,20220427,CNY,合并期末,2021-04-28T20:42:04
20201231,5523986077.27,5523986077.27,,,,,,4894628101.53,4343049264.31,,,,,,,,,23394598.05,139763160.43,48212175.87,169052254.59,171156648.28,265882862.48,,28864168.66,8156222.58,,,,526285057.61,,,,84613636.46,-22735913.94,-111315493.01,,-105658.22,1134963773.3,2016193.08,,9709436.81,,1127270529.57,63688368.03,,1063582161.54,1063582161.54,,1024658530.56,,38923630.98,-489047137.61,-373251096.95,,,,,,-373251096.95,-1098321.8,,,,,,,,-372152775.15,,-115796040.66,574535023.93,651407433.61,-76872409.68,0.79,0.79,定期报告,是,20220331,CNY,合并期末,2021-03-30T22:22:03
20200930,3892964913.58,3892964913.58,,,,,,3468716521.79,3160477140.55,,,,,,,,,13680799.77,78215091.69,43949119.96,99342820.29,73051549.53,184886856.24,,44551803.64,28403859.1,,,,-9784890.35,,,,66943096.83,-10228171.7,-101430944.5,,-1298232.34,413001053.37,1350795.33,,3105903.47,,411245945.23,76940136.09,,334305809.14,334305809.14,,330482914.66,,3822894.48,-97155775.1,-101842083.73,,,,,,-101842083.73,476207.27,,,,,,,,-102318291.0,,4686308.63,237150034.04,228640830.93,8509203.11,0.25,0.25,定期报告,未审计,20211027,CNY,合并期末,2020-10-29T19:42:03
20200630,2386921687.59,2386921687.59,,,,,,2113450520.52,1924955758.96,,,,,,,,,9184185.31,47007696.15,26308360.58,48842352.53,57152166.99,120879646.57,,39278621.22,13201152.98,,,,-62609063.33,,,,29470969.66,-9272655.78,-78513040.52,,-80547.94,191745450.38,862582.09,,2616518.56,,189991513.91,33715012.78,,156276501.13,156276501.13,,156485197.24,,-208696.11,75091582.19,74022226.16,,,,,,74022226.16,2221641.55,,,,,,,,71800584.61,,1069356.03,231368083.32,230507423.4,860659.92,0.12,0.12,定期报告,未审计,20210831,CNY,合并期末,2021-08-31T10:27:11
20200331,1078841300.29,1078841300.29,,,,,,1003637289.39,868787025.45,,,,,,,,,4977622.54,21606335.99,18594758.76,23299322.84,66372223.81,60904900.72,,28381463.62,8947883.33,,,,-87696997.81,,,,8811602.91,-40889.62,-1055676.05,,-26622.39,23576891.56,480193.17,,782470.75,,23274613.98,17694902.16,,5579711.82,5579711.82,,7746065.51,,-2166353.69,82548709.99,80693199.19,,,,,,80693199.19,-399200.31,,,,,,,,81092399.5,,1855510.8,88128421.81,88439264.7,-310842.89,0.01,0.01,定期报告,未审计,20210429,CNY,合并期末,2020-04-29T18:22:03
20191231,5341720203.72,5341720203.72,,,,,,4596265867.52,4086209564.51,,,,,,,,,24736494.79,79599863.28,62530623.17,272855433.9,70333887.87,204995084.72,,162169041.4,153154233.85,,,,-395160139.96,,,,54817421.55,-43236944.76,-35581899.62,,-13150612.57,475311202.24,3283460.12,,4126608.19,,474468054.17,121075971.03,,353392083.14,353392083.14,,358070976.45,,-4678893.31,90211202.78,89838224.61,,,,,,89838224.61,-1925356.08,,,,,,,,91763580.69,,372978.17,443603285.92,447909201.06,-4305915.14,0.28,0.28,定期报告,是,20210331,CNY,合并期末,2020-04-24T02:17:03
20190930,4210504096.79,4210504096.79,,,,,,3655439900.57,3204182776.79,,,,,,,,,19133781.29,55227336.63,79765588.22,218529371.63,78601046.01,148892307.87,,134831743.27,79889021.44,,,,-294535012.64,,,,44530676.15,1806079.96,-4850097.14,,-11573447.65,425274138.17,957394.08,,1823792.93,,424407739.32,96167472.24,,328240267.08,328240267.08,,329165317.99,,-925050.91,109441258.61,109656280.77,,,,,,109656280.77,1752369.85,,,,,,,,107903910.92,,-215022.16,437681525.69,438821598.76,-1140073.07,0.25,0.25,定期报告,未审计,20201030,CNY,合并期末,2020-03-13T16:00:40
20190630,2822411151.09,2822411151.09,,,,,,2437115070.69,2113837953.24,,,,,,,,,10983472.73,36847412.67,51842453.9,185214900.04,38388878.11,95885946.81,,103725108.15,92599466.35,,,,-119143032.42,,,,30009606.11,1479464.91,-7318838.02,,-7825024.08,386223365.05,324138.81,,422129.91,,386125373.95,90518252.14,,295607121.81,295607121.81,,295788787.75,,-181665.94,15091560.39,18137600.23,,,,,,18137600.23,-2005544.45,,,,,,,,20143144.68,,-3046039.84,310698682.2,313926387.98,-3227705.78,0.23,0.23,定期报告,未审计,20200826,CNY,合并期末,2020-03-13T16:00:40
20190331,1329903169.35,1329903169.35,,,,,,1172295880.86,1045867256.19,,,,,,,,,5613129.13,18038731.77,24185706.74,33925023.47,44666033.56,47355429.78,,50496110.37,41853501.28,,,,79933879.04,,,,13138136.78,1650354.64,-2979280.8,,-247208.43,299599280.09,0.01,,966147.03,,298633133.07,46008201.33,,252624931.74,252624931.74,,252728978.02,,-104046.28,-48427664.79,-48144998.71,,,,,,-48144998.71,,,,,,,,,-48144998.71,,-282666.08,204197266.95,204583979.31,-386712.36,0.22,0.22,定期报告,未审计,20200430,CNY,合并期末,2020-03-13T16:00:40
20181231,5003882888.26,5003882888.26,,,,,,3738021137.58,3197281384.89,,,,,,,,,30582676.65,62527264.51,82351806.73,283290153.6,81987851.2,90351132.61,,174840160.9,122954862.74,,,,-219538668.4,,,,157562689.13,-4703657.16,-2741609.44,,-774078.33,1370506587.38,138931543.6,,4858341.98,,1504579789.0,162642784.08,,1341937004.92,1341937004.92,,1341340787.55,,596217.37,31953071.36,36635565.18,,,,,,36635565.18,-3835224.19,,,,,,,,40470789.37,,-4682493.82,1373890076.28,1377976352.73,-4086276.45,1.18,1.18,定期报告,是,20200424,CNY,合并期末,2020-03-13T16:00:40
20180930,3593501018.05,3593501018.05,0.0,0.0,0.0,,,2553828822.03,2211373251.14,0.0,,0.0,0.0,,0.0,0.0,,18845919.5,43503891.43,50176495.64,180162972.31,49766292.01,57671199.0,0.0,92417205.89,81134637.97,,,,-153617450.07,,,,141655665.55,6714294.99,11651877.42,,-89167.52,1138404622.28,2177153.07,,1673162.56,,1138908612.79,166800168.2,,972108444.59,972108444.59,0.0,972364084.38,,-255639.79,72560231.79,79963269.58,0.0,0.0,0.0,0.0,0.0,79963269.58,0.0,0.0,0.0,0.0,0.0,0.0,0.0,,79963269.58,,-7403037.79,1044668676.38,1052327353.96,-7658677.58,0.86,0.86,定期报告,未审计,20191029,CNY,合并期末,2020-03-13T16:00:40
20180630,2331805272.32,2331805272.32,,,,,,1562196322.6,1306332990.32,,,,,,,,,11414004.98,27493255.51,31933861.5,153639646.84,31382563.45,34963327.34,,52482386.74,10172780.67,,,,-112116188.31,,,,127009158.24,98864.21,10382449.11,,126605.83,847592225.54,2000213.17,,343789.46,,849248649.25,123995770.81,,725252878.44,725252878.44,,725526739.61,,-273861.17,-17128776.77,-10775964.02,,,,,,-10775964.02,,-58351989.52,,,,,,,-10775964.02,,-6352812.75,708124101.67,714750775.59,-6626673.92,0.66,0.66,定期报告,未审计,20190829,CNY,合并期末,2020-03-13T16:00:40
20180331,1050092864.25,1050092864.25,,,,,,691219007.27,566229942.68,,,,,,,,,5470796.44,12658718.97,8488035.77,80121995.13,17131200.78,14017521.72,,6936942.43,-24781661.9,,,,-114867387.87,,,,53723521.82,,,,79541.93,304746475.29,87716.0,,58703.72,,304775487.57,67003122.74,,237772364.83,237772364.83,,237919926.58,,-147561.75,-32417087.17,-32254531.93,,,,,,-32254531.93,,-120403807.19,,,,,,,-32254531.93,,-162555.24,205355277.66,205665394.65,-310116.99,0.21,0.21,定期报告,未审计,20190430,CNY,合并期末,2020-03-13T16:00:40
20171231,4383446140.42,4383446140.42,,,,,,2969214983.37,2609419791.69,,,,,,,,,48581384.11,37962113.57,53207041.69,136978877.2,53535770.69,57642658.13,,257476152.44,25959028.97,,,,21041054.96,,,,61885240.21,,,,53648.57,1754687253.23,91399.94,,16339037.95,,1738439615.22,269859649.55,,1468579965.67,1468579965.67,,1469078129.3,,-498163.63,110029489.64,112412019.7,,,,,,112412019.7,,148850574.55,,,,,,,-36438554.85,,-2382530.06,1578609455.31,1581490149.0,-2880693.69,1.32,1.32,定期报告,是,20190329,CNY,合并期末,2020-03-13T16:00:40
20170930,2841996320.57,2841996320.57,,,,,,1977817765.53,1773718316.9,,,,,,,,,32989126.89,27195812.6,36066878.17,66155782.71,41867467.51,44170245.98,,219034363.28,28278341.89,,,,1686211.64,,,,54788628.19,,,,-2879524.02,1136808234.13,207065.56,57051.97,1115699.96,2936575.99,1135899599.73,132717409.69,,1003182190.04,1003182190.04,,1003530247.33,,-348057.29,-205184943.77,-205184943.77,,,,,,-205184943.77,,-171281698.43,,,,,,,-33903245.34,,,797997246.27,798345303.56,-348057.29,0.9,0.9,定期报告,未审计,20181030,CNY,合并期末,2020-03-13T16:00:40
20170630,1625257048.81,1625257048.81,,,,,,1199679131.18,1070184866.1,,,,,,,,,19861972.92,,23015844.35,58701854.38,27865732.28,,,199871873.91,11909165.35,,,,-303369.24,,,,48755822.17,,,,52045.2,673954289.67,14100.0,56572.72,568743.46,4527.52,673399646.21,66253503.36,,607146142.85,607146142.85,,607378846.34,,-232703.49,-209478615.74,-209478615.74,,,,,,-209478615.74,,-194004625.04,,,,,,,-15473990.7,,,397667527.11,397900230.6,-232703.49,0.54,0.54,定期报告,未审计,20180821,CNY,合并期末,2020-03-13T16:00:40
20170331,625153235.43,625153235.43,,,,,,468070630.53,412334711.97,,,,,,,,,5876730.75,,9949553.16,25413639.23,14461369.42,,,1097238.34,-234011.66,,,,8980.47,,,,,,,,56125.71,158244949.42,6600706.02,56125.71,21370.55,,164824284.89,28494451.54,,136329833.35,136329833.35,,136451697.76,,-121864.41,-11264024.78,-11264024.78,,,,,,-11264024.78,,-12892885.42,,,,,,,1628860.64,,,125065808.57,125187672.98,-121864.41,0.18,0.18,定期报告,未审计,20180424,CNY,合并期末,2020-03-13T16:00:40
20161231,2844120347.65,2844120347.65,,,,,,2290374326.72,1860902537.61,,,,,,,,,20991840.62,,50870263.17,101873077.72,17324129.91,,,22317249.52,-672271.77,,,,-118920.08,,,,,,,,-7268509.77,568675840.6,15964828.8,2941.59,50218358.0,7271451.36,534422311.4,69003609.71,,465418701.69,465418701.69,,464365096.17,,1053605.52,209667354.64,209667354.64,,,,,,209667354.64,-514662.83,176313825.87,,,,,,,33868191.6,,,675086056.33,674032450.81,1053605.52,0.62,0.62,定期报告,是,20180402,CNY,合并期末,2020-03-13T16:00:40
20160930,2022588042.21,2022588042.21,,,,,,1436008480.54,1292823443.7,,,,,,,,,8300047.41,,35541975.82,69239114.5,15570715.78,,,20813074.29,-2176447.0,,,,-169981.13,,,,,,,,,607222654.83,9328019.44,33220.71,50011874.06,91214.63,566538800.21,80819109.0,,485719691.21,,,485803836.5,,-84145.29,-23759395.64,-23759395.64,,,,,,-23759395.64,,-923827.41,,,,,,,-22835568.23,,,461960295.57,462044440.86,-84145.29,0.64,0.64,定期报告,未审计,20171025,CNY,合并期末,2020-03-13T16:00:40
20160630,1343214543.46,1343214543.46,,,,,,972683274.93,875300572.66,,,,,,,,,5101629.87,,24523055.29,43806775.87,10699962.97,,,44133.62,-100673.34,,,,-192738.15,,,,,,,,,370382664.0,4952247.42,33133.34,46633372.32,76228.38,328701539.1,50602364.16,,278099174.94,,,278154962.66,,-55787.72,-7230419.58,-7230419.58,,,,,,-7230419.58,,-6925000.0,,,,,,,-305419.58,,,270868755.36,270924543.08,-55787.72,0.37,0.37,定期报告,未审计,20170824,CNY,合并期末,2020-03-13T16:00:40
20160331,663266163.45,663266163.45,,,,,,514794860.56,479567303.7,,,,,,,,,996813.46,,9208489.53,17835148.51,7174904.35,,,6898.19,-50336.67,,,,-295473.52,,,,,,,,,148182727.56,1435057.57,33031.03,20047765.62,25894.82,129570019.51,22243454.91,,107326564.6,,,107417530.67,,-90966.07,6570612.08,6570612.08,,,,,,6570612.08,,,,,,,,,6570612.08,,,113897176.68,113988142.75,-90966.07,0.14,0.14,定期报告,未审计,20170428,CNY,合并期末,2020-03-13T16:00:40
20151231,1353924754.93,1353924754.93,,,,,,1225280275.37,1058987218.67,,,,,,,,,5671657.25,,34551403.38,81010001.38,18722646.93,,,1445323.56,-676914.68,,,,-586180.65,,,,,,,,,129503622.47,22432422.04,48290.6,2036967.77,1592042.66,149899076.74,25101679.29,,124797397.45,,,125154019.34,,-356621.89,30647708.94,30647708.94,,,,,,30647708.94,-151365.93,22835568.23,,,,,,,7963506.64,,,155445106.39,155801728.28,-356621.89,0.1725,0.1715,定期报告,是,20170412,CNY,合并期末,2020-03-13T16:00:40
20150930,867084848.39,867084848.39,,,,,,777861885.5,685609682.65,,,,,,,,,3115847.56,,22934647.38,51122917.6,13025549.84,,,1624198.59,-88338.24,,,,-1083410.16,,,,,,,,,89763751.32,12837862.12,71590.34,299024.37,5652.7,102302589.07,18041944.25,,84260644.82,,,84582709.4,,-322064.58,3081323.67,3081323.67,,,,,,3081323.67,,,,,,,,,3081323.67,,,87341968.49,87664033.06,-322064.57,0.12,0.12,定期报告,未审计,20161025,CNY,合并期末,2020-03-13T16:00:40
20150630,544399430.57,544399430.57,,,,,,488457441.43,436361690.69,,,,,,,,,1107236.88,,14165812.03,30234142.44,5159308.83,,,1016534.94,88338.24,,,,-379224.33,,,,,,,,,56579299.75,6206962.58,71590.34,45621.51,5578.94,62740640.82,11881776.44,,50858864.38,,,51018471.19,,-159606.81,17483.57,17483.57,,,,,,17483.57,,,,,,,,,17483.57,,,50876347.95,51035954.76,-159606.81,0.07,0.07,定期报告,未审计,20160823,CNY,合并期末,2020-03-13T16:00:40
20150331,229527355.82,229527355.82,,,,,,201978810.65,180713190.16,,,,,,,,,383773.34,,6207903.78,12014078.82,2659864.55,,,603657.1,-1063972.39,,,,,,,,,,,,,28152202.27,3348795.77,,14850.9,,31486147.14,7395903.53,,24090243.61,,,24160540.36,,-70296.75,-74610.61,-74610.61,,,,,,-74610.61,,,,,,,,,-74610.61,,,24015633.0,24085929.75,-70296.75,0.07,0.07,定期报告,未审计,20160426,CNY,合并期末,2020-03-13T16:00:40
20141231,869480146.97,869480146.97,,,,,,780935196.06,683750012.94,,,,,,,,,2789997.63,,27361173.63,59064136.51,6744155.75,,,3596269.82,-759622.65,,,,,,,,,,,,,92141220.73,14860183.87,373664.18,5733522.06,3224476.15,101267882.54,16868306.51,,84399576.03,,,85727369.95,,-1327793.92,-267298.01,-267298.01,,,,,,-267298.01,,,,,,,,,-267298.01,,,84132278.02,85460071.94,-1327793.92,0.24,0.24,定期报告,是,20160412,CNY,合并期末,2020-03-13T16:00:40
20140930,629391598.77,629391598.77,,,,,,564452513.37,495533229.83,,,,,,,,,1189892.43,,19029553.46,42971875.7,5617775.01,,,-560395.2,,,,,,,,,,,,,,64378690.2,9733851.51,373585.03,2503969.66,109032.79,71608572.05,12811831.18,,58796740.87,,,59807782.7,,-1011041.83,225060.6,225060.6,,,,,,225060.6,,,,,,,,,225060.6,,,59021801.47,60032843.3,-1011041.83,0.17,0.17,定期报告,未审计,20151029,CNY,合并期末,2020-03-13T16:00:40
20140630,406929845.97,406929845.97,,,,,,363411683.16,319301727.18,,,,,,,,,711898.93,,12891435.01,26038841.94,3810857.92,,,-283395.2,-554000.0,,,,,,,,,,,,,43234767.61,5827638.78,37339.52,2383260.69,85180.92,46679145.7,8608775.29,,38070370.41,,,39132283.46,,-1061913.05,228429.54,228429.54,,,,,,228429.54,,,,,,,,,228429.54,,,38298799.95,39360713.0,-1061913.05,0.11,0.11,定期报告,未审计,20150824,CNY,合并期末,2020-03-13T16:00:40
20140331,177791382.08,177791382.08,,,,,,154301292.35,135071659.22,,,,,,,,,1012590.58,,4664350.14,11576478.11,1976214.3,,,,,,,,,,,,,,,,,23490089.73,754770.22,,183308.08,1684.61,24061551.87,4480423.36,,19581128.51,,,19653001.51,,-71873.0,229673.39,229673.39,,,,,,229673.39,,,,,,,,,229673.39,,,19810801.9,19882674.9,-71873.0,0.055,0.055,定期报告,未审计,20150424,CNY,合并期末,2020-03-13T16:00:40
20131231,686267000.36,686267000.36,,,,,,606398778.01,526872648.34,,,,,,,,,1725852.34,,20202405.12,49737290.9,4893233.26,,,-2195866.64,-2195866.64,,,,,,,,,,,,,77672355.71,20439240.37,61753.86,12016211.26,3561133.25,86095384.82,16553952.7,,69541432.12,,,74123526.67,,-4582094.55,-716919.81,-716919.81,,,,,,-716919.81,,,,,,,,,-716919.81,,,68824512.31,73406606.86,-4582094.55,0.25,0.25,定期报告,是,20150414,CNY,合并期末,2020-03-13T16:00:40
20130930,496595586.49,496595586.49,0.0,0.0,0.0,,,443014211.66,385987048.24,,,,,,,,,1096927.22,,14176904.86,38578320.45,2666065.25,,,,,,,,,,,,,,,,,53581374.83,15808458.8,,10534408.66,,58855424.97,9534464.94,,49320960.03,,,53451240.21,,-4130280.18,-496787.46,,,,,,,,,,,,,,,,,,,48824172.57,52954452.75,-4130280.18,0.17,0.17,定期报告,未审计,20141025,CNY,合并期末,2020-03-13T16:00:40
20130630,328925306.89,328925306.89,,,,,,292926681.02,255138609.84,,,,,,,,,931128.56,,9627766.57,24318445.56,1687833.04,,,0.0,,,,,,,,,,,,,,35998625.87,7178478.2,,442973.93,243936.47,42734130.14,7746849.04,,34987281.1,,,34884912.9,,102368.2,-342378.88,,,,,,,,,,,,,,,,,,,34644902.22,34542534.02,102368.2,0.23,0.23,定期报告,未审计,20140819,CNY,合并期末,2020-03-13T16:00:40
20130331,157036734.17,157036734.17,,,,,,138835901.81,121731308.23,,,,,,,,,568447.09,,4597701.28,11145439.18,793006.03,,,,,,,,,,,,,,,,,18200832.36,3400933.55,,159081.9,,21442684.01,3982753.89,,17459930.12,,,17458606.8,,1323.32,-792899.16,,,,,,,,,,,,,,,,,,,16667030.96,16665707.64,1323.32,0.11,0.11,定期报告,未审计,20140429,CNY,合并期末,2020-03-13T16:00:40
20121231,628147629.65,628147629.65,,,,,,555604996.49,491605270.33,,,,,,,,,1946628.12,,19592706.01,37882916.41,-1811982.81,,,-2395825.01,-2590225.01,,,,,,,,,,,,,70146808.15,16320643.72,,4368332.25,3907625.05,82099119.62,14102483.65,,67996635.97,,,69644692.68,,-1648056.71,-51411.42,,,,,,,,,,,,,,,,,,,67945224.55,69593281.26,-1648056.71,0.46,0.46,定期报告,是,20140415,CNY,合并期末,2020-03-13T16:00:40
20120930,457843118.05,457843118.05,,,,,,402998162.18,362407227.12,,,,,,,,,1403178.28,,14984243.0,24708543.51,-2075928.54,,,194400.0,,,,,,,,,,,,,,55039355.87,5978632.85,,324256.79,21518.32,60693731.93,9253405.92,,51440326.01,,,52691579.59,,-1251253.58,134580.19,,,,,,,,,,,,,,,,,,,51574906.2,52826159.78,-1251253.58,0.35,0.35,定期报告,未审计,20131025,CNY,合并期末,2020-03-13T16:00:40
20120630,299343023.38,299343023.38,,,,,,265400754.82,236195695.87,,,,,,,,,1015582.1,,10202049.16,17166671.52,-557096.24,,,194400.0,,,,,,,,,,,,,,34136668.56,3189288.49,,107484.5,21518.32,37218472.55,5338375.64,,31880096.91,,,32609492.48,,-729395.57,78902.16,,,,,,,,,,,,,,,,,,,31958999.07,32688394.64,-729395.57,0.22,0.22,定期报告,未审计,20130723,CNY,合并期末,2020-03-13T16:00:40
20120331,144125080.29,144125080.29,,,,,,124929555.69,111915460.65,,,,,,,,,367506.8,,5235730.21,7368135.36,42722.67,,,,,,,,,,,,,,,,,19195524.6,1452721.54,,40505.23,,20607740.91,3663241.18,,16944499.73,,,17194102.53,,-249602.8,,,,,,,,,,,,,,,,,,,,16944499.73,17194102.53,-249602.8,0.115,0.115,定期报告,未审计,20130423,CNY,合并期末,2020-03-13T16:00:40
20111231,474978594.99,474978594.99,,,,,,416686866.1,374716587.67,,,,,,,,,1752135.04,,11195102.57,31835270.37,-4900148.83,,,-1684163.49,-1839683.49,,,,,,,,,,,,,56607565.4,9997803.43,,2020169.61,1335462.2,64585199.22,11498512.2,,53086687.02,,,54288452.76,,-1201765.74,-747091.3,,,,,,,,,,,,,,,,,,,52339595.72,53541361.46,-1201765.74,0.36,0.36,定期报告,是,20130402,CNY,合并期末,2020-03-13T16:00:40
20110930,327739393.91,327739393.91,,,,,,282919396.3,257809800.5,,,,,,,,,837663.39,,7429975.71,20157943.26,-4521348.67,,,155520.0,,,,,,,,,,,,,,44975517.61,7532633.35,,1579387.16,54598.72,50928763.8,9113212.04,,41815551.76,,,42209162.34,,-393610.58,-597799.02,,,,,,,,,,,,,,,,,,,41217752.74,41611363.32,-393610.58,0.28,0.28,定期报告,未审计,20121026,CNY,合并期末,2020-03-13T16:00:40
20110630,196982360.85,196982360.85,,,,,,168705018.51,151534337.68,,,,,,,,,350374.27,,4312150.9,11555085.99,805463.95,,,0.0,,,,,,,,,,,,,,28277342.34,654102.51,,53837.21,26648.34,28877607.64,5109379.52,,23768228.12,,,23572063.8,,196164.32,-232738.08,,,,,,,,,,,,,,,,,,,23535490.04,23339325.72,196164.32,0.16,0.16,定期报告,未审计,20120821,CNY,合并期末,2020-03-13T16:00:40
20110331,94694439.13,94694439.13,,,,,,79948969.84,73633829.62,,,,,,,,,162894.19,,1895803.16,4231805.04,24637.83,,,,,,,,,,,,,,,,,14745469.29,410465.54,,40895.94,,15115038.89,2674247.34,,12440791.55,,,12257573.63,,183217.92,,,,,,,,,,,,,,,,,,,,12440791.55,12257573.63,183217.92,0.08,0.08,定期报告,未审计,20120419,CNY,合并期末,2020-03-13T16:00:40
20101231,359722325.78,359722325.78,,,,,,312410515.49,277797556.0,,,,,,,,,991814.03,,9676123.89,20866852.12,4052630.61,,,,,,,,,,,,,,,,,47311810.29,5419985.42,,1243184.91,1153918.36,51488610.8,8809903.97,,42678706.83,,,42642305.09,,36401.74,,,,,,,,,,,,,,,,,,,,42678706.83,42642305.09,36401.74,0.34,0.34,定期报告,是,20120313,CNY,合并期末,2020-03-13T16:00:40
20100930,244448955.89,244448955.89,,,,,,208670956.87,188593183.02,,,,,,,,,765191.2,,6025957.79,10218679.83,3067945.03,,,,,,,,,,,,,,,,,35777999.02,1418744.45,,137447.41,,37059296.06,6365264.82,,30694031.24,,,30694031.24,,,,,,,,,,,,,,,,,,,,,,30694031.24,30694031.24,,0.26,0.26,定期报告,未审计,20111025,CNY,合并期末,2020-03-13T16:00:40
20100630,162441092.23,162441092.23,,,,,,136598299.31,123674822.7,,,,,,,,,450917.7,,3750605.43,6038695.61,2683257.87,,,,,,,,,,,,,,,,,25842792.92,1284641.95,,87064.91,64532.91,27040369.96,6184289.67,,20856080.29,,,20856080.29,,,,,,,,,,,,,,,,,,,,,,20856080.29,20856080.29,,0.19,0.19,定期报告,未审计,20110816,CNY,合并期末,2020-03-13T16:00:40
20100331,77645212.07,77645212.07,,,,,,64342156.84,59100086.25,,,,,,,,,411657.65,,1045763.94,2680083.55,1104565.45,,,,,,,,,,,,,,,,,13303055.23,17826.15,,22987.14,,13297894.24,2941217.05,,10356677.19,,,10356677.19,,,,,,,,,,,,,,,,,,,,,,10356677.19,10356677.19,,0.1,0.1,定期报告,未审计,20110427,CNY,合并期末,2020-03-13T16:00:40
20091231,246860522.95,246860522.95,,,,,,208066567.33,183412042.31,,,,,,,,,1562971.77,,5218784.2,12910056.47,3911600.29,,,122040.0,,,,,,,,,,,,,,38915995.62,6617341.96,,1602572.16,1571504.35,43930765.42,10069624.6,,33861140.82,,,33861140.82,,,,,,,,,,,,,,,,,,,,,,33861140.82,33861140.82,,0.45,0.45,定期报告,是,20110419,CNY,合并期末,2020-03-13T16:00:40
20090930,162676153.7,162676153.7,,,,,,139082185.47,121718479.86,,,,,,,,,893615.05,,3903448.38,9525927.71,3040714.47,,,122040.0,,,,,,,,,,,,,,23716008.23,6641638.41,,1562395.56,,28795251.08,6403557.34,,22391693.74,,,22391693.74,,,,,,,,,,,,,,,,,,,,,,22391693.74,22391693.74,,0.3,0.3,定期报告,未审计,20101028,CNY,合并期末,2020-03-13T16:00:40
20090630,90670744.0,90670744.0,,,,,,78855883.22,67722988.07,,,,,,,,,586165.46,,2238266.15,6300213.25,2130290.29,,,122040.0,,,,,,,,,,,,,,11814860.78,3966049.35,,14241.8,,15766668.33,3911157.08,,11855511.25,,,11855511.25,,,,,,,,,,,,,,,,,,,,,,11855511.25,11855511.25,,0.16,0.16,招股说明书/意向书,未审计,20100809,CNY,合并期末,2020-03-13T16:00:40
20081231,241300655.78,241300655.78,,,,,,197562532.14,168797977.09,,,,,,,,,1177093.28,,6306238.09,13329082.59,6497964.89,,,-371010.2,,,,,,,,,,,,,,43367113.44,10910725.7,,874145.9,,53403693.24,14483707.04,,38919986.2,,,38931551.5,,-11565.3,,,,,,,,,,,,,,,,,,,,38919986.2,38931551.5,-11565.3,0.52,0.52,招股说明书/意向书,是,20100720,CNY,合并期末,2020-03-13T16:00:40
20071231,210450762.94,210450762.94,,,,,,171016373.04,152686379.28,,,,,,,,,613126.47,,4666325.0,9281494.39,3254705.98,,,,,,,,,,,,,,,,,39434389.9,5083974.01,,310446.77,,44207917.14,14660360.88,,29547556.26,,,29525974.55,,21581.71,620165.45,,,,,,,,,,,,,,,,,,,30167721.71,30146140.0,21581.71,0.41,0.41,招股说明书/意向书,是,20100720,CNY,合并期末,2020-03-13T16:00:40
